[gd_scene load_steps=5 format=3 uid="uid://cb034agyt6gff"]

[ext_resource type="PackedScene" uid="uid://cewqwmowu52ym" path="res://Features/terrain_generator.tscn" id="1_o1tgq"]
[ext_resource type="PackedScene" uid="uid://brwbresdoh5v3" path="res://Features/foliage_generator.tscn" id="3_0bpka"]
[ext_resource type="PackedScene" uid="uid://dop0ecj7r7gpl" path="res://Testing Assets/ball.tscn" id="3_byirt"]
[ext_resource type="PackedScene" uid="uid://dd0tfk6skp7j6" path="res://Testing Assets/test_foliage.tscn" id="4_gnrft"]

[node name="Node" type="Node"]

[node name="Camera3D" type="Camera3D" parent="."]
transform = Transform3D(1, 0, 0, 0, 0.707107, 0.707107, 0, -0.707107, 0.707107, 0, 5, 7.5)

[node name="OmniLight3D" type="OmniLight3D" parent="."]
transform = Transform3D(1, 0, 0, 0, 1, 0, 0, 0, 1, 1, 7.5, -2.5)
light_energy = 4.0
omni_range = 15.0

[node name="TerrainGenerator" parent="." instance=ExtResource("1_o1tgq")]

[node name="FoliageGenerator" parent="." instance=ExtResource("3_0bpka")]

[node name="Foliage" type="Node3D" parent="FoliageGenerator" instance=ExtResource("4_gnrft")]
transform = Transform3D(-0.0195589, 0.0474789, 0.998681, 0.225737, 0.973289, -0.0418508, -0.973992, 0.22462, -0.0297542, 4.48359, -0.070746, -0.10079)

[node name="@Node3D@38425" type="Node3D" parent="FoliageGenerator" instance=ExtResource("4_gnrft")]
transform = Transform3D(0.993671, -0.103759, -0.043031, 0.0918705, 0.971126, -0.220169, 0.064633, 0.214822, 0.974512, 0.88377, -0.378475, -3.09256)

[node name="@Node3D@38426" type="Node3D" parent="FoliageGenerator" instance=ExtResource("4_gnrft")]
transform = Transform3D(-0.950445, 0.216099, 0.223507, 0.183599, 0.970315, -0.157419, -0.25089, -0.108583, -0.961906, -1.30357, -0.0860257, 0.422221)

[node name="@Node3D@38427" type="Node3D" parent="FoliageGenerator" instance=ExtResource("4_gnrft")]
transform = Transform3D(0.624579, -0.252289, -0.739088, 0.242655, 0.962232, -0.1234, 0.742307, -0.10227, 0.66221, -0.700844, -0.428674, 4.67849)

[node name="@Node3D@38428" type="Node3D" parent="FoliageGenerator" instance=ExtResource("4_gnrft")]
transform = Transform3D(-0.0703557, -0.109448, -0.9915, 0.116422, 0.986269, -0.117131, 0.990705, -0.123673, -0.0566476, 2.02336, -0.121658, -0.38666)

[node name="@Node3D@38429" type="Node3D" parent="FoliageGenerator" instance=ExtResource("4_gnrft")]
transform = Transform3D(-0.823437, 0.25748, 0.505624, 0.146315, 0.95733, -0.24922, -0.548218, -0.131237, -0.825975, -0.260863, -0.142328, 3.52213)

[node name="@Node3D@38430" type="Node3D" parent="FoliageGenerator" instance=ExtResource("4_gnrft")]
transform = Transform3D(-0.972755, 0.231315, 0.0154936, 0.220892, 0.945061, -0.240969, -0.0703822, -0.230982, -0.970409, -0.831159, -0.43494, 4.04019)

[node name="@Node3D@38431" type="Node3D" parent="FoliageGenerator" instance=ExtResource("4_gnrft")]
transform = Transform3D(0.568384, -0.087617, -0.818085, 0.0660434, 0.995964, -0.0607826, 0.820109, -0.0194813, 0.571876, 3.05013, -0.137201, -2.98847)

[node name="@Node3D@38432" type="Node3D" parent="FoliageGenerator" instance=ExtResource("4_gnrft")]
transform = Transform3D(-0.566812, 0.162595, 0.807643, 0.114825, 0.986354, -0.117988, -0.815806, 0.0258605, -0.577748, -2.78802, -0.328818, 0.819374)

[node name="@Node3D@38433" type="Node3D" parent="FoliageGenerator" instance=ExtResource("4_gnrft")]
transform = Transform3D(0.588177, -0.226375, -0.776403, 0.0789104, 0.971509, -0.223482, 0.804873, 0.0701805, 0.589283, 3.35477, 0.498786, -4.40511)

[node name="Ball 1" parent="." instance=ExtResource("3_byirt")]
transform = Transform3D(1, 0, 0, 0, 1, 0, 0, 0, 1, 0, 3, 0)

[node name="Ball 2" parent="." instance=ExtResource("3_byirt")]
transform = Transform3D(1, 0, 0, 0, 1, 0, 0, 0, 1, 2.5, 3, 0)

[node name="Ball 3" parent="." instance=ExtResource("3_byirt")]
transform = Transform3D(1, 0, 0, 0, 1, 0, 0, 0, 1, 2.5, 3, 2.5)

[node name="Ball 4" parent="." instance=ExtResource("3_byirt")]
transform = Transform3D(1, 0, 0, 0, 1, 0, 0, 0, 1, 0, 3, 2.5)

[node name="Ball 5" parent="." instance=ExtResource("3_byirt")]
transform = Transform3D(1, 0, 0, 0, 1, 0, 0, 0, 1, -2.5, 3, 0)

[node name="Ball 6" parent="." instance=ExtResource("3_byirt")]
transform = Transform3D(1, 0, 0, 0, 1, 0, 0, 0, 1, -2.5, 3, 2.5)

[node name="Ball 7" parent="." instance=ExtResource("3_byirt")]
transform = Transform3D(1, 0, 0, 0, 1, 0, 0, 0, 1, -2.5, 3, -2.5)

[node name="Ball 8" parent="." instance=ExtResource("3_byirt")]
transform = Transform3D(1, 0, 0, 0, 1, 0, 0, 0, 1, 0, 3, -2.5)

[node name="Ball 9" parent="." instance=ExtResource("3_byirt")]
transform = Transform3D(1, 0, 0, 0, 1, 0, 0, 0, 1, 2.5, 3, -2.5)
